0.0000	10.0000
0.1005	10.0000
0.2010	10.0000
0.3015	10.0000
0.4020	10.0000
0.5025	10.0000
0.6030	10.0000
0.7035	10.0000
0.8040	10.0000
0.9045	10.0000
1.0050	10.0000
1.1055	10.0000
1.2060	10.0000
1.3065	10.0000
1.4070	10.0000
1.5075	10.0000
1.6080	10.0000
1.7085	10.0000
1.8090	10.0000
1.9095	10.0000
2.0101	-0.2666
2.1106	-0.0319
2.2111	0.0402
2.3116	-0.0809
2.4121	0.1551
2.5126	0.7113
2.6131	1.0653
2.7136	1.0434
2.8141	0.9006
2.9146	0.8075
3.0151	0.5595
3.1156	0.1965
3.2161	-0.2868
3.3166	-0.4519
3.4171	-0.4119
3.5176	-0.4387
3.6181	-0.5227
3.7186	-0.5061
3.8191	-0.4056
3.9196	-0.4341
4.0201	-0.4594
4.1206	-0.3405
4.2211	-0.2554
4.3216	-0.3285
4.4221	-0.3274
4.5226	-0.1988
4.6231	-0.1030
4.7236	-0.0995
4.8241	0.0470
4.9246	0.0845
5.0251	-0.0124
5.1256	0.0550
5.2261	0.0860
5.3266	0.1217
5.4271	0.1964
5.5276	0.1358
5.6281	0.0370
5.7286	0.1441
5.8291	0.3083
5.9296	0.3249
6.0302	0.2937
6.1307	0.2217
6.2312	0.1531
6.3317	0.1496
6.4322	0.1935
6.5327	0.1981
6.6332	0.1108
6.7337	0.1302
6.8342	0.0884
6.9347	-0.1017
7.0352	-0.2903
7.1357	-0.3483
7.2362	-0.3560
7.3367	-0.3325
7.4372	-0.2302
7.5377	-0.1193
7.6382	-0.0708
7.7387	0.0200
7.8392	0.1260
7.9397	0.1626
8.0402	0.1195
8.1407	0.0372
8.2412	-0.0203
8.3417	-0.0627
8.4422	-0.0883
8.5427	-0.1205
8.6432	-0.0991
8.7437	-0.0831
8.8442	-0.1043
8.9447	-0.0761
9.0452	-0.0780
9.1457	-0.0959
9.2462	-0.1117
9.3467	-0.1957
9.4472	-0.2526
9.5477	-0.2776
9.6482	-0.3330
9.7487	-0.3481
9.8492	-0.3286
9.9497	-0.3099
10.0503	-0.2958
10.1508	-0.2872
10.2513	-0.2969
10.3518	-0.2730
10.4523	-0.1843
10.5528	-0.1363
10.6533	-0.1413
10.7538	-0.1672
10.8543	-0.1704
10.9548	-0.1564
11.0553	-0.1527
11.1558	-0.1765
11.2563	-0.2142
11.3568	-0.2163
11.4573	-0.1965
11.5578	-0.1827
11.6583	-0.2331
11.7588	-0.2521
11.8593	-0.1566
11.9598	-0.0772
12.0603	0.1058
12.1608	0.4599
12.2613	0.3785
12.3618	0.0578
12.4623	-0.0660
12.5628	-0.1366
12.6633	-0.1688
12.7638	-0.1583
12.8643	-0.0485
12.9648	0.1481
13.0653	0.4016
13.1658	0.3646
13.2663	0.4614
13.3668	0.4875
13.4673	0.1339
13.5678	-0.0172
13.6683	-0.0475
13.7688	-0.0927
13.8693	-0.1254
13.9698	-0.0712
14.0704	0.0092
14.1709	-0.0134
14.2714	-0.0768
14.3719	-0.1269
14.4724	-0.1632
14.5729	-0.2056
14.6734	-0.2462
14.7739	-0.2443
14.8744	-0.1878
14.9749	-0.1312
15.0754	-0.0446
15.1759	0.2059
15.2764	0.2272
15.3769	-0.0046
15.4774	-0.1010
15.5779	-0.1232
15.6784	-0.0852
15.7789	-0.1389
15.8794	-0.2037
15.9799	-0.2518
16.0804	-0.2220
16.1809	-0.1073
16.2814	-0.2021
16.3819	-0.3746
16.4824	-0.4158
16.5829	-0.4173
16.6834	-0.3226
16.7839	-0.1284
16.8844	-0.1272
16.9849	-0.1507
17.0854	-0.1554
17.1859	-0.1961
17.2864	-0.1511
17.3869	-0.0192
17.4874	0.0669
17.5879	-0.0376
17.6884	-0.1139
17.7889	-0.0889
17.8894	-0.0393
17.9899	-0.0421
18.0905	-0.0457
18.1910	-0.0358
18.2915	-0.0180
18.3920	0.0219
18.4925	0.0389
18.5930	0.0300
18.6935	0.0225
18.7940	0.0401
18.8945	0.0467
18.9950	0.0336
19.0955	0.0016
19.1960	-0.0123
19.2965	-0.0432
19.3970	-0.0773
19.4975	-0.0136
19.5980	0.1321
19.6985	0.0892
19.7990	0.0560
19.8995	0.0965
20.0000	-0.2431
